Cola Formateada con edges:<circuit_queue.CircuitQueue object at 0x000001FCA169FE00>
Cola Seleccionada:[{'id': '55681149933810435671441575361036545275', 'size': 3, 'edges': [(0, 1), (0, 2), (1, 2)]}, {'id': '256716380246053257013399490820513747087', 'size': 5, 'edges': [(1, 2), (1, 4), (2, 3)]}, {'id': '29597121440981318489765901853355320836', 'size': 3, 'edges': [(0, 1), (0, 2), (1, 2)]}, {'id': '154307392778788938286662377799745074606', 'size': 4, 'edges': [(0, 2), (0, 3), (1, 2), (1, 3), (2, 3)]}, {'id': '123989872721623260773219714146406715069', 'size': 4, 'edges': [(0, 3), (1, 3), (2, 3)]}, {'id': '268597078421396383052064175776975266204', 'size': 2, 'edges': [(0, 1)]}, {'id': '51651329411243087255517292860492264063', 'size': 4, 'edges': [(0, 3), (1, 2), (2, 3)]}, {'id': '47337591495025632124017883328355756690', 'size': 3, 'edges': [(0, 1), (0, 2), (1, 2)]}, {'id': '65207309522861297099942061615271155630', 'size': 3, 'edges': [(0, 1), (0, 2), (1, 2)]}]
Layout Físico:[12, 18, 31, 0, 1, 15, 2, 88, 94, 107, 42, 54, 61, 60, 49, 50, 56, 51, 76, 91, 92, 99, 100, 101, 125, 126, 132, 115, 114, 129]
Tiempo Ejecucion:3.296875
Cola Formateada con edges:<circuit_queue.CircuitQueue object at 0x000001FCA1D216D0>
Cola Seleccionada:[{'id': '284137792316224177472994291776060706379', 'size': 6, 'edges': [(0, 1), (0, 2), (0, 3), (0, 4), (0, 5), (1, 2), (1, 3), (1, 4), (1, 5), (2, 3), (2, 4), (2, 5), (3, 4), (3, 5), (4, 5)]}, {'id': '308114712928140159767777639664199495860', 'size': 4, 'edges': [(0, 1), (0, 2), (0, 3), (1, 2), (1, 3), (2, 3)]}, {'id': '334226136658767541118587333826644094058', 'size': 4, 'edges': [(0, 1), (0, 2), (0, 3), (1, 2), (1, 3), (2, 3)]}, {'id': '17053231853979187096541856906121413079', 'size': 9, 'edges': [(0, 1), (0, 5), (1, 5), (2, 5), (2, 6), (3, 4), (3, 6), (3, 7), (4, 6), (4, 7), (4, 8), (5, 6), (6, 7), (7, 8)]}, {'id': '314009207528288281290230426775163427661', 'size': 4, 'edges': [(0, 1), (0, 2), (0, 3), (1, 2), (1, 3), (2, 3)]}, {'id': '322852403567791744741885027157188460651', 'size': 4, 'edges': [(0, 1), (0, 2), (0, 3), (1, 2), (1, 3), (2, 3)]}, {'id': '7535598822044048414212884708324928666', 'size': 2, 'edges': [(0, 1)]}, {'id': '153860367668082166332977435143873677219', 'size': 4, 'edges': [(0, 1)]}]
Layout Físico:[10, 11, 12, 18, 31, 32, 89, 88, 94, 107, 42, 54, 61, 60, 92, 99, 100, 101, 111, 120, 121, 122, 131, 3, 4, 16, 23, 49, 50, 56, 69, 76, 91, 114, 129]
Tiempo Ejecucion:5.53125
Cola Formateada con edges:<circuit_queue.CircuitQueue object at 0x000001FCA1D216D0>
Cola Seleccionada:[{'id': '269387841866214259545401099573118264882', 'size': 10, 'edges': [(0, 2), (0, 3), (1, 2), (1, 3), (2, 3), (3, 5), (3, 6), (4, 5), (4, 6), (5, 6), (6, 8), (6, 9), (7, 8), (7, 9), (8, 9)]}, {'id': '264449219622838004271506507897228156002', 'size': 8, 'edges': [(0, 1), (0, 4), (1, 2), (1, 5), (2, 3), (2, 6), (3, 7)]}, {'id': '20598813105863203818959311772657312610', 'size': 7, 'edges': [(0, 2), (0, 3), (1, 2), (1, 3), (2, 3), (3, 5), (3, 6), (4, 5), (4, 6), (5, 6)]}, {'id': '151173847252510274203604371212111280901', 'size': 9, 'edges': [(0, 8), (1, 8), (2, 8), (3, 8), (4, 8), (5, 8), (6, 8), (7, 8)]}, {'id': '268745490495728154471117077243434866551', 'size': 7, 'edges': [(0, 1), (1, 2), (2, 3), (3, 4), (4, 5), (5, 6)]}, {'id': '3754925469467740271123376502512540864', 'size': 3, 'edges': [(0, 2), (1, 2)]}, {'id': '125036008919886170112724803315338331220', 'size': 2, 'edges': [(0, 1)]}]
Layout Físico:[10, 11, 12, 18, 31, 30, 29, 36, 48, 49, 109, 113, 128, 127, 126, 125, 124, 112, 42, 54, 61, 60, 59, 58, 57, 92, 99, 98, 97, 110, 116, 115, 114, 129, 0, 1, 2, 3, 4, 16, 23, 66, 67, 74, 75, 90]
Tiempo Ejecucion:4.953125
Cola Formateada con edges:<circuit_queue.CircuitQueue object at 0x000001FCA1C4F100>
Cola Seleccionada:[{'id': '273896924473947571579821210007922435534', 'size': 7, 'edges': [(0, 1), (0, 2), (0, 3), (0, 4), (0, 5), (0, 6), (1, 2), (1, 3), (1, 4), (1, 5), (1, 6), (2, 3), (2, 4), (2, 5), (2, 6), (3, 4), (3, 5), (3, 6), (4, 5), (4, 6), (5, 6)]}, {'id': '327433317845616549047160166271371321953', 'size': 7, 'edges': [(0, 1), (0, 2), (0, 3), (0, 4), (0, 5), (0, 6), (1, 2), (1, 3), (1, 4), (1, 5), (1, 6), (2, 3), (2, 4), (2, 5), (2, 6), (3, 4), (3, 5), (3, 6), (4, 5), (4, 6), (5, 6)]}, {'id': '9702585602080658627090038284512471304', 'size': 4, 'edges': [(0, 1), (0, 2), (0, 3), (1, 2), (1, 3), (2, 3)]}, {'id': '131124167720887035444885613569806123100', 'size': 3, 'edges': [(0, 1), (0, 2), (1, 2)]}, {'id': '66642016342056621250274572770654922574', 'size': 6, 'edges': [(0, 1), (0, 2), (0, 3), (0, 4), (0, 5), (1, 2), (1, 3), (1, 4), (1, 5), (2, 3), (2, 4), (2, 5), (3, 4), (3, 5), (4, 5)]}, {'id': '200423081203978634560407573138718048971', 'size': 3, 'edges': [(0, 1), (0, 2), (1, 2)]}, {'id': '175686094337489114028436503108569897006', 'size': 5, 'edges': [(0, 1), (0, 2), (0, 3), (0, 4), (1, 2), (1, 3), (1, 4), (2, 3), (2, 4), (3, 4)]}, {'id': '30237069332795641992822873374233940152', 'size': 3, 'edges': [(0, 1), (0, 2), (1, 2)]}]
Layout Físico:[42, 54, 61, 60, 59, 58, 57, 109, 113, 128, 127, 126, 125, 124, 10, 11, 12, 18, 75, 90, 89, 0, 1, 2, 3, 4, 5, 50, 51, 52, 97, 110, 116, 115, 114, 83, 84, 93]
Tiempo Ejecucion:3.203125
Cola Formateada con edges:<circuit_queue.CircuitQueue object at 0x000001FCA1C4FA80>
Cola Seleccionada:[{'id': '245447329013675077717389751214493527959', 'size': 4, 'edges': [(0, 1), (0, 2), (0, 3), (1, 2), (1, 3), (2, 3)]}, {'id': '322599730793367196633083808358116892171', 'size': 4, 'edges': [(0, 1), (0, 2), (0, 3), (1, 2), (1, 3), (2, 3)]}, {'id': '136715096047256054643321265242111111912', 'size': 7, 'edges': [(0, 1), (0, 2), (0, 3), (0, 4), (0, 5), (0, 6), (1, 2), (1, 3), (1, 4), (1, 5), (1, 6), (2, 3), (2, 4), (2, 5), (2, 6), (3, 4), (3, 5), (3, 6), (4, 5), (4, 6), (5, 6)]}, {'id': '84264623691689723952239032420232274060', 'size': 5, 'edges': [(0, 4), (1, 4), (2, 4), (3, 4)]}, {'id': '28698828899872776466941524185402407116', 'size': 5, 'edges': [(0, 1), (0, 2), (0, 3), (0, 4), (1, 2), (1, 3), (1, 4), (2, 3), (2, 4), (3, 4)]}, {'id': '221065116669149097448356210234547683411', 'size': 4, 'edges': [(0, 1), (0, 2), (1, 2)]}]
Layout Físico:[10, 11, 12, 18, 89, 88, 94, 107, 42, 54, 61, 60, 59, 58, 57, 48, 49, 50, 51, 52, 101, 111, 120, 121, 122, 3, 4, 16, 23]
Tiempo Ejecucion:2.484375
Cola Formateada con edges:<circuit_queue.CircuitQueue object at 0x000001FCA1ACC290>
Cola Seleccionada:[{'id': '39107557053598726235740859114576708520', 'size': 4, 'edges': [(0, 3), (1, 3), (2, 3)]}, {'id': '13493938326101353910297986635408183309', 'size': 13, 'edges': [(0, 2), (0, 3), (1, 2), (1, 3), (2, 3), (3, 5), (3, 6), (4, 5), (4, 6), (5, 6), (6, 8), (6, 9), (7, 8), (7, 9), (8, 9), (9, 11), (9, 12), (10, 11), (10, 12), (11, 12)]}, {'id': '227580257754612450970722936772359482708', 'size': 7, 'edges': [(0, 1), (0, 2), (0, 3), (0, 4), (0, 5), (0, 6), (1, 2), (1, 3), (1, 4), (1, 5), (1, 6), (2, 3), (2, 4), (2, 5), (2, 6), (3, 4), (3, 5), (3, 6), (4, 5), (4, 6), (5, 6)]}, {'id': '300177608118735454995280168801630607429', 'size': 7, 'edges': [(0, 1), (0, 4), (1, 4), (2, 3), (2, 4), (2, 5), (3, 4), (3, 5), (3, 6), (4, 5), (5, 6)]}, {'id': '75640362390396623891302737694313514719', 'size': 4, 'edges': [(0, 1), (0, 2), (0, 3), (1, 2), (1, 3), (2, 3)]}]
Layout Físico:[3, 4, 16, 5, 10, 11, 12, 18, 31, 30, 29, 36, 48, 49, 50, 51, 52, 42, 54, 61, 60, 59, 58, 57, 109, 113, 128, 127, 126, 125, 124, 110, 116, 115, 114]
Tiempo Ejecucion:6.625
Cola Formateada con edges:<circuit_queue.CircuitQueue object at 0x000001FCA1CF9260>
Cola Seleccionada:[{'id': '309786351766402236826561347689337531310', 'size': 6, 'edges': [(0, 1), (0, 2), (0, 3), (0, 4), (0, 5), (1, 2), (1, 3), (1, 4), (1, 5), (2, 3), (2, 4), (2, 5), (3, 4), (3, 5), (4, 5)]}]
Layout Físico:[10, 11, 12, 18, 31, 32]
Tiempo Ejecucion:0.3125
